(((1, 2), 0), ((4, 3), 0), ((2, 3), "-"), ((1, 2), "+"), ((1, 2), "+"), ((1, 2), "+"), ((1, 2), "+"), ((1, 2), "+"), ((1, 2), "+"), ((1, 2), "+"), ((2, 3), "-"), ((2, 3), "-"), ((1, 2), 1), ((3, 4), 1))
(((1, 2), 0), ((6, 5), 0), ((2, 5), "-"), ((4, 3), 0), ((2, 3), "-"), ((4, 5), "-"), ((4, 5), "-"), ((5, 6), 1), ((2, 3), "-"), ((2, 3), "-"), ((2, 3), "-"), ((2, 3), "-"), ((2, 3), "-"), ((2, 3), "-"), ((2, 1), 1), ((3, 4), 1))
(((1, 2), 0), ((4, 3), 0), ((2, 3), "-"), ((1, 2), "+"), ((1, 2), "+"), ((1, 2), "+"), ((1, 2), "+"), ((1, 2), "+"), ((2, 3), "-"), ((2, 3), "-"), ((2, 3), "-"), ((2, 3), "-"), ((1, 2), 1), ((3, 4), 1))
(((1, 2), 0), ((3, 4), 0), ((2, 3), "-"), ((2, 3), "-"), ((2, 3), "-"), ((2, 3), "-"), ((2, 3), "-"), ((2, 3), "-"), ((3, 4), "+"), ((2, 3), "-"), ((2, 3), "-"), ((2, 3), "-"), ((2, 1), 1), ((3, 4), 1))
(((1, 4), 0), ((6, 5), 0), ((4, 5), "-"), ((7, 8), 0), ((6, 7), "-"), ((5, 6), "+"), ((6, 7), 1), ((2, 3), 0), ((1, 2), "+"), ((3, 4), "+"), ((3, 4), "+"), ((3, 4), "+"), ((3, 4), "+"), ((3, 4), "+"), ((4, 5), "-"), ((3, 4), 1), ((5, 2), 1), ((8, 1), 1))
(((1, 2), 0), ((4, 3), 0), ((2, 3), "-"), ((6, 5), 0), ((4, 5), "-"), ((4, 5), "-"), ((3, 4), 1), ((5, 6), "+"), ((5, 6), "+"), ((2, 5), "-"), ((2, 5), "-"), ((2, 5), "-"), ((2, 5), "-"), ((2, 5), "-"), ((2, 1), 1), ((5, 6), 1))
(((1, 4), 0), ((8, 7), 0), ((4, 7), "-"), ((6, 5), 0), ((4, 5), "-"), ((6, 7), "-"), ((6, 7), "-"), ((7, 8), 1), ((3, 2), 0), ((1, 2), "+"), ((3, 4), "+"), ((3, 4), "+"), ((3, 4), "+"), ((3, 4), "+"), ((4, 5), "-"), ((4, 3), 1), ((5, 2), 1), ((1, 6), 1))
(((1, 2), 0), ((6, 5), 0), ((2, 5), "-"), ((4, 3), 0), ((2, 3), "-"), ((4, 5), "-"), ((4, 5), "-"), ((4, 5), "-"), ((4, 5), "-"), ((5, 6), 1), ((2, 3), "-"), ((2, 3), "-"), ((2, 3), "-"), ((2, 3), "-"), ((2, 1), 1), ((3, 4), 1))
(((1, 2), 0), ((3, 6), 0), ((2, 3), "-"), ((5, 4), 0), ((3, 4), "+"), ((5, 6), "+"), ((3, 4), "+"), ((3, 4), "+"), ((3, 4), "+"), ((2, 3), "-"), ((4, 3), 1), ((2, 5), "-"), ((2, 5), "-"), ((2, 5), "-"), ((2, 1), 1), ((5, 6), 1))
(((1, 4), 0), ((6, 5), 0), ((4, 5), "-"), ((7, 8), 0), ((6, 7), "-"), ((5, 6), "+"), ((6, 7), 1), ((2, 3), 0), ((1, 2), "+"), ((3, 4), "+"), ((2, 3), "-"), ((2, 3), "-"), ((4, 5), "-"), ((4, 5), "-"), ((4, 5), "-"), ((3, 4), 1), ((5, 2), 1), ((8, 1), 1))
(((1, 2), 0), ((4, 3), 0), ((2, 3), "-"), ((6, 5), 0), ((4, 5), "-"), ((4, 5), "-"), ((4, 5), "-"), ((4, 5), "-"), ((3, 4), 1), ((5, 6), "+"), ((5, 6), "+"), ((2, 5), "-"), ((2, 5), "-"), ((2, 5), "-"), ((2, 1), 1), ((5, 6), 1))
(((1, 2), 0), ((6, 5), 0), ((2, 5), "-"), ((7, 8), 0), ((6, 7), "-"), ((5, 6), "+"), ((6, 7), 1), ((3, 4), 0), ((2, 3), "-"), ((3, 4), "+"), ((3, 4), "+"), ((4, 5), "-"), ((3, 4), 1), ((2, 5), "-"), ((2, 5), "-"), ((1, 2), "+"), ((5, 2), 1), ((8, 1), 1))
(((1, 2), 0), ((6, 5), 0), ((2, 5), "-"), ((8, 7), 0), ((6, 7), "-"), ((6, 7), "-"), ((5, 6), 1), ((7, 8), "+"), ((4, 3), 0), ((2, 3), "-"), ((3, 4), "+"), ((3, 4), "+"), ((3, 4), "+"), ((4, 7), 1), ((2, 3), "-"), ((1, 2), "+"), ((3, 2), 1), ((8, 1), 1))
(((1, 2), 0), ((6, 5), 0), ((2, 5), "-"), ((4, 3), 0), ((2, 3), "-"), ((4, 5), "-"), ((4, 5), "-"), ((5, 6), 1), ((1, 2), "+"), ((1, 2), "+"), ((2, 3), "-"), ((2, 3), "-"), ((2, 3), "-"), ((2, 3), "-"), ((2, 1), 1), ((3, 4), 1))
(((1, 4), 0), ((6, 5), 0), ((4, 5), "-"), ((7, 8), 0), ((6, 7), "-"), ((5, 6), "+"), ((6, 7), 1), ((5, 8), "+"), ((5, 8), "+"), ((2, 3), 0), ((1, 2), "+"), ((3, 4), "+"), ((3, 4), "+"), ((3, 4), "+"), ((4, 5), "-"), ((3, 4), 1), ((5, 2), 1), ((8, 1), 1))
(((1, 2), 0), ((5, 8), 0), ((2, 5), "-"), ((7, 6), 0), ((5, 6), "+"), ((7, 8), "+"), ((7, 8), "+"), ((7, 8), "+"), ((7, 8), "+"), ((4, 3), 0), ((2, 3), "-"), ((4, 5), "-"), ((4, 5), "-"), ((3, 4), "+"), ((5, 4), 1), ((6, 3), 1), ((2, 7), 1), ((8, 1), 1))
(((1, 2), 0), ((5, 6), 0), ((2, 5), "-"), ((3, 4), 0), ((2, 3), "-"), ((4, 5), "-"), ((4, 5), "-"), ((4, 5), "-"), ((4, 5), "-"), ((4, 3), 1), ((1, 2), "+"), ((5, 6), "+"), ((5, 6), "+"), ((1, 2), "+"), ((5, 2), 1), ((6, 1), 1))
(((1, 2), 0), ((4, 3), 0), ((2, 3), "-"), ((5, 6), 0), ((4, 5), "-"), ((3, 4), "+"), ((4, 5), 1), ((3, 6), "+"), ((2, 3), "-"), ((1, 2), "+"), ((2, 3), "-"), ((2, 3), "-"), ((2, 3), "-"), ((2, 3), "-"), ((1, 2), 1), ((3, 6), 1))
(((1, 4), 0), ((6, 5), 0), ((4, 5), "-"), ((2, 3), 0), ((1, 2), "+"), ((3, 4), "+"), ((2, 3), "-"), ((2, 3), "-"), ((2, 3), "-"), ((4, 3), 1), ((2, 5), "-"), ((2, 5), "-"), ((2, 5), "-"), ((2, 5), "-"), ((2, 1), 1), ((5, 6), 1))
(((1, 2), 0), ((4, 3), 0), ((2, 3), "-"), ((6, 5), 0), ((4, 5), "-"), ((4, 5), "-"), ((3, 4), 1), ((5, 6), "+"), ((5, 6), "+"), ((5, 6), "+"), ((5, 6), "+"), ((2, 5), "-"), ((2, 5), "-"), ((2, 5), "-"), ((2, 1), 1), ((5, 6), 1))
(((1, 4), 0), ((8, 7), 0), ((4, 7), "-"), ((6, 5), 0), ((4, 5), "-"), ((6, 7), "-"), ((6, 7), "-"), ((7, 8), 1), ((4, 5), "-"), ((4, 5), "-"), ((3, 2), 0), ((1, 2), "+"), ((3, 4), "+"), ((3, 4), "+"), ((4, 5), "-"), ((4, 3), 1), ((5, 2), 1), ((1, 6), 1))
(((1, 2), 0), ((3, 4), 0), ((2, 3), "-"), ((8, 7), 0), ((4, 7), "-"), ((5, 6), 0), ((4, 5), "-"), ((6, 7), "-"), ((6, 7), "-"), ((6, 7), "-"), ((7, 8), 1), ((4, 5), "-"), ((3, 4), "+"), ((3, 4), "+"), ((4, 5), "-"), ((3, 4), 1), ((5, 2), 1), ((6, 1), 1))
(((1, 4), 0), ((6, 5), 0), ((4, 5), "-"), ((7, 8), 0), ((6, 7), "-"), ((5, 6), "+"), ((6, 7), 1), ((2, 3), 0), ((1, 2), "+"), ((3, 4), "+"), ((3, 4), "+"), ((3, 4), "+"), ((2, 3), "-"), ((2, 3), "-"), ((4, 5), "-"), ((3, 4), 1), ((5, 2), 1), ((8, 1), 1))
(((1, 4), 0), ((6, 5), 0), ((4, 5), "-"), ((8, 7), 0), ((6, 7), "-"), ((6, 7), "-"), ((5, 6), 1), ((7, 8), "+"), ((7, 8), "+"), ((4, 7), "-"), ((3, 2), 0), ((1, 2), "+"), ((3, 4), "+"), ((3, 4), "+"), ((4, 7), "-"), ((4, 3), 1), ((7, 2), 1), ((1, 8), 1))
(((1, 6), 0), ((10, 9), 0), ((6, 9), "-"), ((8, 7), 0), ((6, 7), "-"), ((8, 9), "-"), ((8, 9), "-"), ((9, 10), 1), ((5, 2), 0), ((1, 2), "+"), ((5, 6), "+"), ((3, 4), 0), ((2, 3), "-"), ((4, 5), "-"), ((4, 5), "-"), ((4, 5), "-"), ((4, 3), 1), ((5, 6), 1), ((7, 2), 1), ((1, 8), 1))
(((1, 2), 0), ((5, 10), 0), ((2, 5), "-"), ((7, 6), 0), ((5, 6), "+"), ((7, 10), "+"), ((8, 9), 0), ((7, 8), "+"), ((8, 9), "-"), ((8, 9), "-"), ((9, 10), 1), ((4, 3), 0), ((2, 3), "-"), ((4, 5), "-"), ((4, 5), "-"), ((3, 4), "+"), ((5, 4), 1), ((6, 3), 1), ((2, 7), 1), ((8, 1), 1))
(((1, 4), 0), ((7, 8), 0), ((4, 7), "-"), ((2, 3), 0), ((1, 2), "+"), ((3, 4), "+"), ((4, 7), "-"), ((3, 4), "+"), ((1, 2), "+"), ((5, 6), 0), ((4, 5), "-"), ((4, 5), "-"), ((3, 4), "+"), ((4, 5), 1), ((6, 7), "-"), ((6, 3), 1), ((7, 2), 1), ((8, 1), 1))
(((1, 2), 0), ((6, 5), 0), ((2, 5), "-"), ((7, 8), 0), ((6, 7), "-"), ((5, 6), "+"), ((6, 7), 1), ((3, 4), 0), ((2, 3), "-"), ((4, 5), "-"), ((4, 5), "-"), ((4, 5), "-"), ((3, 4), 1), ((2, 5), "-"), ((2, 5), "-"), ((1, 2), "+"), ((5, 2), 1), ((8, 1), 1))
(((1, 2), 0), ((6, 5), 0), ((2, 5), "-"), ((8, 7), 0), ((6, 7), "-"), ((6, 7), "-"), ((5, 6), 1), ((7, 8), "+"), ((4, 3), 0), ((2, 3), "-"), ((2, 3), "-"), ((2, 3), "-"), ((3, 4), "+"), ((4, 7), 1), ((2, 3), "-"), ((1, 2), "+"), ((3, 2), 1), ((8, 1), 1))
(((1, 4), 0), ((8, 7), 0), ((4, 7), "-"), ((6, 5), 0), ((4, 5), "-"), ((6, 7), "-"), ((6, 7), "-"), ((7, 8), 1), ((1, 4), "+"), ((1, 4), "+"), ((3, 2), 0), ((1, 2), "+"), ((3, 4), "+"), ((3, 4), "+"), ((4, 5), "-"), ((4, 3), 1), ((5, 2), 1), ((1, 6), 1))
(((1, 4), 0), ((6, 5), 0), ((4, 5), "-"), ((7, 8), 0), ((6, 7), "-"), ((5, 6), "+"), ((6, 7), 1), ((5, 8), "+"), ((5, 8), "+"), ((2, 3), 0), ((1, 2), "+"), ((3, 4), "+"), ((2, 3), "-"), ((2, 3), "-"), ((4, 5), "-"), ((3, 4), 1), ((5, 2), 1), ((8, 1), 1))
(((1, 2), 0), ((4, 3), 0), ((2, 3), "-"), ((5, 6), 0), ((4, 5), "-"), ((3, 4), "+"), ((4, 5), 1), ((3, 6), "+"), ((2, 3), "-"), ((1, 2), "+"), ((2, 3), "-"), ((1, 2), "+"), ((3, 6), "+"), ((2, 3), "-"), ((1, 2), 1), ((3, 6), 1))
(((1, 4), 0), ((5, 6), 0), ((4, 5), "-"), ((2, 3), 0), ((1, 2), "+"), ((3, 4), "+"), ((4, 5), "-"), ((3, 4), "+"), ((3, 4), "+"), ((4, 5), "-"), ((4, 3), 1), ((2, 5), "-"), ((2, 5), "-"), ((1, 2), "+"), ((5, 2), 1), ((6, 1), 1))
(((1, 2), 0), ((6, 5), 0), ((2, 5), "-"), ((7, 8), 0), ((6, 7), "-"), ((5, 6), "+"), ((6, 7), 1), ((3, 4), 0), ((2, 3), "-"), ((4, 5), "-"), ((3, 4), 1), ((2, 5), "-"), ((2, 5), "-"), ((2, 5), "-"), ((2, 5), "-"), ((1, 2), "+"), ((5, 2), 1), ((8, 1), 1))
(((1, 2), 0), ((6, 5), 0), ((2, 5), "-"), ((8, 7), 0), ((6, 7), "-"), ((6, 7), "-"), ((5, 6), 1), ((7, 8), "+"), ((4, 3), 0), ((2, 3), "-"), ((3, 4), "+"), ((4, 7), 1), ((2, 3), "-"), ((2, 3), "-"), ((2, 3), "-"), ((1, 2), "+"), ((3, 2), 1), ((8, 1), 1))
(((1, 2), 0), ((6, 5), 0), ((2, 5), "-"), ((4, 3), 0), ((2, 3), "-"), ((4, 5), "-"), ((4, 5), "-"), ((5, 6), 1), ((1, 2), "+"), ((1, 2), "+"), ((1, 2), "+"), ((1, 2), "+"), ((2, 3), "-"), ((2, 3), "-"), ((2, 1), 1), ((3, 4), 1))
(((1, 4), 0), ((5, 6), 0), ((4, 5), "-"), ((2, 3), 0), ((1, 2), "+"), ((1, 2), "+"), ((2, 3), "-"), ((2, 3), "-"), ((3, 4), "+"), ((3, 4), "+"), ((3, 4), "+"), ((4, 5), "-"), ((4, 5), "-"), ((4, 3), 1), ((5, 2), 1), ((6, 1), 1))
(((1, 2), 0), ((4, 3), 0), ((2, 3), "-"), ((5, 6), 0), ((4, 5), "-"), ((3, 4), "+"), ((4, 5), 1), ((3, 6), "+"), ((2, 3), "-"), ((1, 2), "+"), ((1, 2), "+"), ((1, 2), "+"), ((2, 3), "-"), ((2, 3), "-"), ((1, 2), 1), ((3, 6), 1))
(((1, 2), 0), ((6, 5), 0), ((2, 5), "-"), ((4, 3), 0), ((2, 3), "-"), ((4, 5), "-"), ((4, 5), "-"), ((5, 6), 1), ((2, 3), "-"), ((2, 3), "-"), ((1, 2), "+"), ((1, 2), "+"), ((2, 3), "-"), ((2, 3), "-"), ((2, 1), 1), ((3, 4), 1))
(((1, 4), 0), ((6, 5), 0), ((4, 5), "-"), ((7, 8), 0), ((6, 7), "-"), ((5, 6), "+"), ((6, 7), 1), ((2, 3), 0), ((1, 2), "+"), ((3, 4), "+"), ((3, 4), "+"), ((2, 3), "-"), ((2, 3), "-"), ((3, 4), "+"), ((4, 5), "-"), ((3, 4), 1), ((5, 2), 1), ((8, 1), 1))
(((1, 4), 0), ((8, 7), 0), ((4, 7), "-"), ((6, 5), 0), ((4, 5), "-"), ((6, 7), "-"), ((6, 7), "-"), ((7, 8), 1), ((3, 2), 0), ((1, 2), "+"), ((3, 4), "+"), ((2, 3), "-"), ((2, 3), "-"), ((3, 4), "+"), ((4, 5), "-"), ((4, 3), 1), ((5, 2), 1), ((1, 6), 1))
(((1, 6), 0), ((8, 7), 0), ((6, 7), "-"), ((9, 10), 0), ((8, 9), "-"), ((7, 8), "+"), ((8, 9), 1), ((2, 3), 0), ((1, 2), "+"), ((3, 6), "+"), ((6, 7), "-"), ((5, 4), 0), ((3, 4), "+"), ((4, 5), "-"), ((5, 6), 1), ((3, 4), "+"), ((4, 7), "-"), ((4, 3), 1), ((7, 2), 1), ((10, 1), 1))
(((1, 4), 0), ((5, 6), 0), ((4, 5), "-"), ((2, 3), 0), ((1, 2), "+"), ((3, 4), "+"), ((3, 4), "+"), ((1, 2), "+"), ((2, 3), "-"), ((2, 3), "-"), ((3, 4), "+"), ((4, 5), "-"), ((4, 5), "-"), ((4, 3), 1), ((5, 2), 1), ((6, 1), 1))
(((1, 6), 0), ((10, 9), 0), ((6, 9), "-"), ((8, 7), 0), ((6, 7), "-"), ((8, 9), "-"), ((8, 9), "-"), ((9, 10), 1), ((1, 6), "+"), ((6, 7), "-"), ((5, 2), 0), ((1, 2), "+"), ((4, 3), 0), ((2, 3), "-"), ((4, 5), "-"), ((3, 4), "+"), ((4, 5), 1), ((6, 3), 1), ((2, 7), 1), ((1, 8), 1))
(((1, 2), 0), ((3, 6), 0), ((2, 3), "-"), ((5, 4), 0), ((3, 4), "+"), ((5, 6), "+"), ((5, 6), "+"), ((2, 3), "-"), ((3, 4), "+"), ((2, 3), "-"), ((3, 4), "+"), ((4, 5), "-"), ((2, 3), "-"), ((3, 4), 1), ((5, 2), 1), ((6, 1), 1))
(((1, 2), 0), ((3, 6), 0), ((2, 3), "-"), ((3, 6), "+"), ((3, 6), "+"), ((5, 4), 0), ((3, 4), "+"), ((5, 6), "+"), ((5, 6), "+"), ((3, 4), "+"), ((3, 4), "+"), ((3, 4), "+"), ((4, 5), "-"), ((3, 4), 1), ((5, 2), 1), ((6, 1), 1))
(((1, 2), 0), ((4, 3), 0), ((2, 3), "-"), ((5, 6), 0), ((4, 5), "-"), ((3, 4), "+"), ((4, 5), 1), ((7, 8), 0), ((6, 7), "-"), ((3, 6), "+"), ((2, 3), "-"), ((3, 6), 1), ((1, 2), "+"), ((7, 8), "+"), ((7, 8), "+"), ((1, 2), "+"), ((7, 2), 1), ((8, 1), 1))
(((1, 4), 0), ((5, 6), 0), ((4, 5), "-"), ((5, 6), "+"), ((5, 6), "+"), ((2, 3), 0), ((1, 2), "+"), ((3, 4), "+"), ((4, 5), "-"), ((4, 5), "-"), ((4, 5), "-"), ((4, 5), "-"), ((4, 3), 1), ((1, 2), "+"), ((5, 2), 1), ((6, 1), 1))
(((1, 2), 0), ((6, 5), 0), ((2, 5), "-"), ((7, 8), 0), ((6, 7), "-"), ((5, 6), "+"), ((6, 7), 1), ((4, 3), 0), ((2, 3), "-"), ((1, 2), "+"), ((3, 4), "+"), ((4, 5), 1), ((2, 3), "-"), ((2, 3), "-"), ((2, 3), "-"), ((1, 2), "+"), ((2, 3), 1), ((8, 1), 1))
(((1, 2), 0), ((5, 8), 0), ((2, 5), "-"), ((5, 8), "+"), ((5, 8), "+"), ((7, 6), 0), ((5, 6), "+"), ((7, 8), "+"), ((7, 8), "+"), ((4, 3), 0), ((2, 3), "-"), ((4, 5), "-"), ((4, 5), "-"), ((3, 4), "+"), ((5, 4), 1), ((6, 3), 1), ((2, 7), 1), ((8, 1), 1))
(((1, 2), 0), ((4, 3), 0), ((2, 3), "-"), ((5, 6), 0), ((4, 5), "-"), ((3, 4), "+"), ((4, 5), 1), ((7, 8), 0), ((6, 7), "-"), ((3, 6), "+"), ((2, 3), "-"), ((3, 6), 1), ((1, 2), "+"), ((2, 7), "-"), ((2, 7), "-"), ((1, 2), "+"), ((7, 2), 1), ((8, 1), 1))
(((1, 4), 0), ((5, 6), 0), ((4, 5), "-"), ((5, 6), "+"), ((5, 6), "+"), ((2, 3), 0), ((1, 2), "+"), ((3, 4), "+"), ((4, 5), "-"), ((3, 4), "+"), ((3, 4), "+"), ((4, 5), "-"), ((4, 3), 1), ((1, 2), "+"), ((5, 2), 1), ((6, 1), 1))
(((1, 4), 0), ((8, 7), 0), ((4, 7), "-"), ((9, 10), 0), ((8, 9), "-"), ((7, 8), "+"), ((8, 9), 1), ((6, 5), 0), ((4, 5), "-"), ((1, 4), "+"), ((5, 6), "+"), ((6, 7), 1), ((2, 3), 0), ((1, 2), "+"), ((3, 4), "+"), ((3, 4), "+"), ((2, 3), "-"), ((3, 4), 1), ((2, 5), 1), ((10, 1), 1))
(((1, 2), 0), ((4, 3), 0), ((2, 3), "-"), ((5, 6), 0), ((4, 5), "-"), ((3, 4), "+"), ((4, 5), 1), ((3, 6), "+"), ((3, 6), "+"), ((7, 8), 0), ((6, 7), "-"), ((3, 6), "+"), ((2, 3), "-"), ((3, 6), 1), ((1, 2), "+"), ((1, 2), "+"), ((7, 2), 1), ((8, 1), 1))
(((1, 2), 0), ((6, 5), 0), ((2, 5), "-"), ((7, 8), 0), ((6, 7), "-"), ((5, 6), "+"), ((6, 7), 1), ((4, 3), 0), ((2, 3), "-"), ((1, 2), "+"), ((1, 2), "+"), ((1, 2), "+"), ((3, 4), "+"), ((4, 5), 1), ((2, 3), "-"), ((1, 2), "+"), ((2, 3), 1), ((8, 1), 1))
(((1, 8), 0), ((9, 10), 0), ((8, 9), "-"), ((2, 7), 0), ((1, 2), "+"), ((1, 2), "+"), ((2, 7), "-"), ((3, 6), 0), ((2, 3), "-"), ((5, 4), 0), ((3, 4), "+"), ((5, 6), "+"), ((5, 6), "+"), ((6, 7), 1), ((5, 8), "+"), ((4, 5), "-"), ((3, 4), 1), ((5, 8), 1), ((9, 2), 1), ((10, 1), 1))
(((1, 2), 0), ((6, 5), 0), ((2, 5), "-"), ((7, 8), 0), ((6, 7), "-"), ((5, 6), "+"), ((6, 7), 1), ((9, 10), 0), ((8, 9), "-"), ((5, 8), "+"), ((2, 5), "-"), ((5, 8), 1), ((4, 3), 0), ((2, 3), "-"), ((3, 4), "+"), ((9, 4), 1), ((2, 3), "-"), ((1, 2), "+"), ((3, 2), 1), ((10, 1), 1))
(((1, 2), 0), ((6, 5), 0), ((2, 5), "-"), ((8, 7), 0), ((6, 7), "-"), ((6, 7), "-"), ((5, 6), 1), ((7, 8), "+"), ((4, 3), 0), ((2, 3), "-"), ((1, 2), "+"), ((1, 2), "+"), ((3, 4), "+"), ((4, 7), 1), ((2, 3), "-"), ((1, 2), "+"), ((3, 2), 1), ((8, 1), 1))
(((1, 2), 0), ((3, 10), 0), ((2, 3), "-"), ((7, 6), 0), ((3, 6), "+"), ((7, 10), "+"), ((7, 10), "+"), ((8, 9), 0), ((7, 8), "+"), ((6, 7), "-"), ((7, 8), 1), ((5, 4), 0), ((3, 4), "+"), ((4, 5), "-"), ((5, 6), 1), ((3, 4), "+"), ((4, 9), "-"), ((4, 3), 1), ((9, 2), 1), ((10, 1), 1))
(((1, 2), 0), ((3, 8), 0), ((2, 3), "-"), ((7, 6), 0), ((3, 6), "+"), ((7, 8), "+"), ((7, 8), "+"), ((5, 4), 0), ((3, 4), "+"), ((5, 6), "+"), ((5, 6), "+"), ((6, 7), 1), ((2, 3), "-"), ((3, 4), "+"), ((2, 3), "-"), ((3, 4), 1), ((2, 5), 1), ((8, 1), 1))
(((1, 2), 0), ((3, 6), 0), ((2, 3), "-"), ((3, 6), "+"), ((3, 6), "+"), ((5, 4), 0), ((3, 4), "+"), ((5, 6), "+"), ((5, 6), "+"), ((5, 6), "+"), ((5, 6), "+"), ((3, 4), "+"), ((4, 5), "-"), ((3, 4), 1), ((5, 2), 1), ((6, 1), 1))
(((1, 2), 0), ((4, 3), 0), ((2, 3), "-"), ((5, 6), 0), ((4, 5), "-"), ((3, 4), "+"), ((4, 5), 1), ((7, 8), 0), ((6, 7), "-"), ((3, 6), "+"), ((3, 6), "+"), ((3, 6), "+"), ((2, 3), "-"), ((3, 6), 1), ((1, 2), "+"), ((1, 2), "+"), ((7, 2), 1), ((8, 1), 1))
(((1, 2), 0), ((6, 5), 0), ((2, 5), "-"), ((7, 8), 0), ((6, 7), "-"), ((5, 6), "+"), ((6, 7), 1), ((4, 3), 0), ((2, 3), "-"), ((1, 2), "+"), ((3, 4), "+"), ((3, 4), "+"), ((3, 4), "+"), ((4, 5), 1), ((2, 3), "-"), ((1, 2), "+"), ((2, 3), 1), ((8, 1), 1))
(((1, 2), 0), ((3, 6), 0), ((2, 3), "-"), ((3, 6), "+"), ((3, 6), "+"), ((5, 4), 0), ((3, 4), "+"), ((5, 6), "+"), ((3, 4), "+"), ((2, 3), "-"), ((4, 3), 1), ((2, 5), "-"), ((2, 5), "-"), ((2, 5), "-"), ((2, 1), 1), ((5, 6), 1))
(((1, 2), 0), ((6, 5), 0), ((2, 5), "-"), ((7, 8), 0), ((6, 7), "-"), ((5, 6), "+"), ((6, 7), 1), ((9, 10), 0), ((8, 9), "-"), ((9, 10), "+"), ((9, 10), "+"), ((3, 4), 0), ((2, 3), "-"), ((4, 5), "-"), ((4, 5), "-"), ((4, 5), "-"), ((3, 4), 1), ((5, 8), 1), ((9, 2), 1), ((10, 1), 1))
(((1, 2), 0), ((6, 5), 0), ((2, 5), "-"), ((7, 8), 0), ((6, 7), "-"), ((5, 6), "+"), ((6, 7), 1), ((4, 3), 0), ((2, 3), "-"), ((2, 3), "-"), ((2, 3), "-"), ((1, 2), "+"), ((3, 4), "+"), ((4, 5), 1), ((2, 3), "-"), ((1, 2), "+"), ((2, 3), 1), ((8, 1), 1))
(((1, 2), 0), ((4, 3), 0), ((2, 3), "-"), ((8, 5), 0), ((4, 5), "-"), ((4, 5), "-"), ((3, 4), 1), ((6, 7), 0), ((5, 6), "+"), ((5, 6), "+"), ((2, 5), "-"), ((5, 6), 1), ((1, 2), "+"), ((1, 2), "+"), ((2, 7), "-"), ((2, 7), "-"), ((2, 1), 1), ((7, 8), 1))
(((1, 4), 0), ((5, 8), 0), ((4, 5), "-"), ((2, 3), 0), ((1, 2), "+"), ((3, 4), "+"), ((1, 2), "+"), ((6, 7), 0), ((5, 6), "+"), ((5, 6), "+"), ((4, 5), "-"), ((5, 6), 1), ((3, 4), "+"), ((3, 4), "+"), ((4, 7), "-"), ((4, 3), 1), ((7, 2), 1), ((8, 1), 1))
(((1, 2), 0), ((4, 3), 0), ((2, 3), "-"), ((12, 5), 0), ((4, 5), "-"), ((4, 5), "-"), ((3, 4), 1), ((6, 11), 0), ((5, 6), "+"), ((7, 8), 0), ((6, 7), "-"), ((5, 6), "+"), ((2, 5), "-"), ((5, 6), 1), ((10, 9), 0), ((8, 9), "-"), ((7, 2), 1), ((10, 11), "-"), ((8, 1), 1), ((10, 11), "-"), ((9, 10), 1), ((11, 12), 1))
(((1, 2), 0), ((6, 5), 0), ((2, 5), "-"), ((8, 7), 0), ((6, 7), "-"), ((6, 7), "-"), ((5, 6), 1), ((7, 8), "+"), ((4, 3), 0), ((2, 3), "-"), ((3, 4), "+"), ((4, 7), 1), ((2, 3), "-"), ((3, 8), "+"), ((1, 2), "+"), ((1, 2), "+"), ((3, 2), 1), ((8, 1), 1))
(((1, 2), 0), ((6, 5), 0), ((2, 5), "-"), ((7, 8), 0), ((6, 7), "-"), ((5, 6), "+"), ((6, 7), 1), ((3, 4), 0), ((2, 3), "-"), ((4, 5), "-"), ((3, 4), 1), ((2, 5), "-"), ((1, 2), "+"), ((1, 2), "+"), ((2, 5), "-"), ((1, 2), "+"), ((5, 2), 1), ((8, 1), 1))
(((1, 2), 0), ((3, 8), 0), ((2, 3), "-"), ((5, 4), 0), ((3, 4), "+"), ((5, 8), "+"), ((5, 8), "+"), ((6, 7), 0), ((5, 6), "+"), ((4, 5), "-"), ((5, 6), 1), ((4, 7), "-"), ((3, 4), "+"), ((3, 4), "+"), ((4, 7), "-"), ((3, 4), 1), ((7, 2), 1), ((8, 1), 1))
(((1, 2), 0), ((5, 10), 0), ((2, 5), "-"), ((7, 6), 0), ((5, 6), "+"), ((7, 10), "+"), ((7, 10), "+"), ((9, 8), 0), ((7, 8), "+"), ((6, 7), "-"), ((7, 8), 1), ((6, 9), "-"), ((3, 4), 0), ((2, 3), "-"), ((4, 5), "-"), ((4, 5), "-"), ((4, 3), 1), ((5, 6), 1), ((9, 2), 1), ((10, 1), 1))
(((1, 2), 0), ((8, 7), 0), ((2, 7), "-"), ((4, 3), 0), ((2, 3), "-"), ((4, 7), "-"), ((4, 7), "-"), ((7, 8), 1), ((5, 6), 0), ((4, 5), "-"), ((5, 6), "+"), ((5, 6), "+"), ((3, 4), "+"), ((3, 4), "+"), ((2, 3), "-"), ((3, 4), 1), ((2, 5), 1), ((6, 1), 1))
(((1, 2), 0), ((8, 7), 0), ((2, 7), "-"), ((6, 5), 0), ((2, 5), "-"), ((6, 7), "-"), ((6, 7), "-"), ((7, 8), 1), ((4, 3), 0), ((2, 3), "-"), ((4, 5), "-"), ((4, 5), "-"), ((3, 4), 1), ((1, 2), "+"), ((2, 5), "-"), ((2, 5), "-"), ((1, 2), 1), ((5, 6), 1))
(((1, 6), 0), ((7, 8), 0), ((6, 7), "-"), ((5, 2), 0), ((1, 2), "+"), ((1, 2), "+"), ((3, 4), 0), ((2, 3), "-"), ((3, 4), "+"), ((4, 5), "-"), ((3, 4), 1), ((2, 5), "-"), ((5, 6), "+"), ((5, 6), "+"), ((2, 5), "-"), ((5, 6), 1), ((7, 2), 1), ((8, 1), 1))
(((1, 2), 0), ((6, 5), 0), ((2, 5), "-"), ((7, 8), 0), ((6, 7), "-"), ((5, 6), "+"), ((6, 7), 1), ((3, 4), 0), ((2, 3), "-"), ((4, 5), "-"), ((3, 4), 1), ((2, 5), "-"), ((2, 5), "-"), ((5, 8), "+"), ((1, 2), "+"), ((1, 2), "+"), ((5, 2), 1), ((8, 1), 1))
(((1, 2), 0), ((6, 5), 0), ((2, 5), "-"), ((7, 8), 0), ((6, 7), "-"), ((5, 6), "+"), ((6, 7), 1), ((4, 3), 0), ((2, 3), "-"), ((3, 4), "+"), ((4, 5), 1), ((2, 3), "-"), ((2, 3), "-"), ((1, 2), "+"), ((2, 3), "-"), ((1, 2), "+"), ((2, 3), 1), ((8, 1), 1))
(((1, 6), 0), ((7, 8), 0), ((6, 7), "-"), ((7, 8), "+"), ((7, 8), "+"), ((2, 3), 0), ((1, 2), "+"), ((1, 2), "+"), ((4, 5), 0), ((3, 4), "+"), ((2, 3), "-"), ((2, 3), "-"), ((4, 5), "-"), ((4, 5), "-"), ((4, 3), 1), ((5, 6), 1), ((7, 2), 1), ((8, 1), 1))
(((1, 2), 0), ((8, 7), 0), ((2, 7), "-"), ((9, 10), 0), ((8, 9), "-"), ((7, 8), "+"), ((8, 9), 1), ((6, 5), 0), ((2, 5), "-"), ((5, 6), "+"), ((6, 7), 1), ((4, 3), 0), ((2, 3), "-"), ((4, 5), "-"), ((4, 5), "-"), ((10, 5), 1), ((2, 3), "-"), ((2, 3), "-"), ((2, 1), 1), ((3, 4), 1))
(((1, 6), 0), ((7, 10), 0), ((6, 7), "-"), ((2, 3), 0), ((1, 2), "+"), ((1, 2), "+"), ((9, 8), 0), ((7, 8), "+"), ((8, 9), "-"), ((4, 5), 0), ((3, 4), "+"), ((5, 6), "+"), ((6, 7), "-"), ((6, 7), "-"), ((6, 5), 1), ((4, 7), "-"), ((4, 3), 1), ((7, 8), 1), ((9, 2), 1), ((10, 1), 1))
(((1, 2), 0), ((6, 5), 0), ((2, 5), "-"), ((4, 3), 0), ((2, 3), "-"), ((4, 5), "-"), ((3, 4), "+"), ((5, 6), "+"), ((4, 5), "-"), ((3, 4), 1), ((2, 5), "-"), ((2, 5), "-"), ((2, 5), "-"), ((2, 5), "-"), ((2, 1), 1), ((5, 6), 1))
(((1, 2), 0), ((4, 3), 0), ((2, 3), "-"), ((5, 6), 0), ((4, 5), "-"), ((3, 4), "+"), ((2, 3), "-"), ((1, 2), "+"), ((3, 4), "+"), ((4, 5), "-"), ((3, 4), 1), ((2, 5), "-"), ((2, 5), "-"), ((1, 2), "+"), ((5, 2), 1), ((6, 1), 1))
(((1, 4), 0), ((7, 8), 0), ((4, 7), "-"), ((2, 3), 0), ((1, 2), "+"), ((1, 2), "+"), ((2, 3), "-"), ((5, 6), 0), ((4, 5), "-"), ((6, 7), "-"), ((3, 4), "+"), ((4, 5), "-"), ((6, 5), 1), ((3, 4), "+"), ((2, 3), "-"), ((3, 4), 1), ((7, 2), 1), ((8, 1), 1))
(((1, 4), 0), ((5, 8), 0), ((4, 5), "-"), ((2, 3), 0), ((1, 2), "+"), ((6, 7), 0), ((5, 6), "+"), ((4, 5), "-"), ((4, 5), "-"), ((4, 5), "-"), ((3, 4), "+"), ((4, 5), 1), ((2, 3), "-"), ((2, 3), "-"), ((6, 3), 1), ((1, 2), "+"), ((7, 2), 1), ((8, 1), 1))
(((1, 2), 0), ((5, 8), 0), ((2, 5), "-"), ((7, 6), 0), ((5, 6), "+"), ((7, 8), "+"), ((6, 7), "-"), ((6, 7), "-"), ((7, 8), "+"), ((4, 3), 0), ((2, 3), "-"), ((4, 5), "-"), ((4, 5), "-"), ((3, 4), "+"), ((5, 4), 1), ((6, 3), 1), ((2, 7), 1), ((8, 1), 1))
(((1, 4), 0), ((5, 8), 0), ((4, 5), "-"), ((2, 3), 0), ((1, 2), "+"), ((1, 2), "+"), ((2, 3), "-"), ((7, 6), 0), ((5, 6), "+"), ((4, 5), "-"), ((3, 4), "+"), ((4, 5), "-"), ((6, 5), 1), ((4, 7), "-"), ((2, 3), "-"), ((3, 4), 1), ((2, 7), 1), ((8, 1), 1))
(((1, 2), 0), ((5, 6), 0), ((2, 5), "-"), ((4, 3), 0), ((2, 3), "-"), ((4, 5), "-"), ((3, 4), "+"), ((2, 3), "-"), ((1, 2), "+"), ((1, 2), "+"), ((3, 4), "+"), ((2, 3), "-"), ((4, 5), "-"), ((3, 4), 1), ((5, 2), 1), ((6, 1), 1))
(((1, 6), 0), ((7, 8), 0), ((6, 7), "-"), ((3, 2), 0), ((1, 2), "+"), ((1, 2), "+"), ((4, 5), 0), ((3, 4), "+"), ((5, 6), "+"), ((6, 7), "-"), ((4, 5), "-"), ((6, 5), 1), ((4, 7), "-"), ((3, 4), "+"), ((2, 3), "-"), ((3, 4), 1), ((2, 7), 1), ((8, 1), 1))
(((1, 6), 0), ((7, 8), 0), ((6, 7), "-"), ((7, 8), "+"), ((3, 2), 0), ((1, 2), "+"), ((4, 5), 0), ((3, 4), "+"), ((4, 5), "-"), ((4, 5), "-"), ((5, 6), 1), ((4, 7), "-"), ((2, 3), "-"), ((4, 3), 1), ((2, 7), "-"), ((1, 2), "+"), ((2, 7), 1), ((8, 1), 1))
(((1, 2), 0), ((3, 4), 0), ((2, 3), "-"), ((1, 2), "+"), ((7, 8), 0), ((4, 7), "-"), ((5, 6), 0), ((4, 5), "-"), ((6, 7), "-"), ((4, 5), "-"), ((3, 4), "+"), ((4, 5), 1), ((7, 8), "+"), ((7, 8), "+"), ((6, 7), "-"), ((6, 3), 1), ((7, 2), 1), ((8, 1), 1))
(((1, 4), 0), ((5, 8), 0), ((4, 5), "-"), ((2, 3), 0), ((1, 2), "+"), ((1, 2), "+"), ((7, 6), 0), ((5, 6), "+"), ((4, 5), "-"), ((3, 4), "+"), ((3, 4), "+"), ((5, 6), "+"), ((4, 5), "-"), ((5, 6), 1), ((4, 7), "-"), ((3, 4), 1), ((7, 2), 1), ((8, 1), 1))
(((1, 4), 0), ((7, 8), 0), ((4, 7), "-"), ((4, 7), "-"), ((4, 7), "-"), ((2, 3), 0), ((1, 2), "+"), ((5, 6), 0), ((4, 5), "-"), ((6, 7), "-"), ((3, 4), "+"), ((4, 5), 1), ((2, 3), "-"), ((2, 3), "-"), ((6, 3), 1), ((1, 2), "+"), ((7, 2), 1), ((8, 1), 1))
(((1, 4), 0), ((5, 6), 0), ((4, 5), "-"), ((5, 6), "+"), ((3, 2), 0), ((1, 2), "+"), ((3, 4), "+"), ((3, 4), "+"), ((3, 4), "+"), ((4, 5), "-"), ((2, 3), "-"), ((4, 3), 1), ((2, 5), "-"), ((1, 2), "+"), ((2, 5), 1), ((6, 1), 1))
(((1, 2), 0), ((4, 3), 0), ((2, 3), "-"), ((5, 6), 0), ((4, 5), "-"), ((3, 4), "+"), ((4, 5), 1), ((7, 8), 0), ((6, 7), "-"), ((3, 6), "+"), ((2, 3), "-"), ((1, 2), "+"), ((2, 3), "-"), ((2, 3), "-"), ((3, 6), 1), ((1, 2), "+"), ((7, 2), 1), ((8, 1), 1))
(((1, 2), 0), ((6, 5), 0), ((2, 5), "-"), ((4, 3), 0), ((2, 3), "-"), ((8, 7), 0), ((6, 7), "-"), ((6, 7), "-"), ((5, 6), 1), ((4, 7), "-"), ((4, 7), "-"), ((7, 8), "+"), ((3, 4), "+"), ((4, 7), 1), ((2, 3), "-"), ((1, 2), "+"), ((3, 2), 1), ((8, 1), 1))
(((1, 2), 0), ((3, 6), 0), ((2, 3), "-"), ((5, 4), 0), ((3, 4), "+"), ((2, 3), "-"), ((2, 3), "-"), ((3, 4), "+"), ((4, 5), "-"), ((4, 5), "-"), ((5, 6), "+"), ((5, 6), "+"), ((4, 5), "-"), ((3, 4), 1), ((5, 2), 1), ((6, 1), 1))
(((1, 2), 0), ((6, 5), 0), ((2, 5), "-"), ((4, 3), 0), ((2, 3), "-"), ((3, 4), "+"), ((4, 5), "-"), ((4, 5), "-"), ((3, 4), "+"), ((4, 5), "-"), ((4, 5), "-"), ((5, 6), 1), ((2, 3), "-"), ((2, 3), "-"), ((2, 1), 1), ((3, 4), 1))
(((1, 2), 0), ((3, 6), 0), ((2, 3), "-"), ((4, 5), 0), ((3, 4), "+"), ((4, 5), "-"), ((2, 3), "-"), ((2, 3), "-"), ((3, 4), "+"), ((1, 2), "+"), ((5, 6), "+"), ((4, 5), "-"), ((6, 5), 1), ((1, 2), "+"), ((3, 2), 1), ((4, 1), 1))
(((1, 4), 0), ((7, 8), 0), ((4, 7), "-"), ((2, 3), 0), ((1, 2), "+"), ((5, 6), 0), ((4, 5), "-"), ((6, 7), "-"), ((6, 7), "-"), ((6, 7), "-"), ((3, 4), "+"), ((4, 5), 1), ((2, 3), "-"), ((2, 3), "-"), ((6, 3), 1), ((1, 2), "+"), ((7, 2), 1), ((8, 1), 1))
(((1, 4), 0), ((5, 8), 0), ((4, 5), "-"), ((2, 3), 0), ((1, 2), "+"), ((1, 2), "+"), ((7, 6), 0), ((5, 6), "+"), ((4, 5), "-"), ((3, 4), "+"), ((4, 5), "-"), ((6, 7), "-"), ((5, 6), 1), ((4, 7), "-"), ((4, 7), "-"), ((3, 4), 1), ((7, 2), 1), ((8, 1), 1))
(((1, 2), 0), ((3, 4), 0), ((2, 3), "-"), ((8, 7), 0), ((4, 7), "-"), ((5, 6), 0), ((4, 5), "-"), ((6, 7), "-"), ((6, 7), "-"), ((7, 8), "+"), ((4, 5), "-"), ((4, 5), "-"), ((3, 4), 1), ((5, 6), "+"), ((6, 7), "-"), ((5, 6), 1), ((7, 2), 1), ((8, 1), 1))
(((1, 4), 0), ((7, 8), 0), ((4, 7), "-"), ((2, 3), 0), ((1, 2), "+"), ((5, 6), 0), ((4, 5), "-"), ((3, 4), "+"), ((4, 5), 1), ((2, 3), "-"), ((2, 3), "-"), ((3, 6), "+"), ((3, 6), "+"), ((6, 7), "-"), ((6, 3), 1), ((1, 2), "+"), ((7, 2), 1), ((8, 1), 1))
(((1, 2), 0), ((3, 6), 0), ((2, 3), "-"), ((4, 5), 0), ((3, 4), "+"), ((2, 3), "-"), ((1, 2), "+"), ((1, 2), "+"), ((2, 3), "-"), ((2, 3), "-"), ((2, 3), "-"), ((4, 3), 1), ((1, 2), "+"), ((1, 2), "+"), ((5, 2), 1), ((6, 1), 1))
(((1, 4), 0), ((7, 8), 0), ((4, 7), "-"), ((2, 3), 0), ((1, 2), "+"), ((1, 2), "+"), ((6, 5), 0), ((4, 5), "-"), ((3, 4), "+"), ((4, 5), "-"), ((5, 6), "+"), ((6, 7), "-"), ((6, 5), 1), ((3, 4), "+"), ((4, 7), "-"), ((4, 3), 1), ((7, 2), 1), ((8, 1), 1))
(((1, 2), 0), ((3, 6), 0), ((2, 3), "-"), ((5, 4), 0), ((3, 4), "+"), ((5, 6), "+"), ((3, 4), "+"), ((3, 4), "+"), ((4, 5), "-"), ((4, 5), "-"), ((5, 6), "+"), ((3, 4), "+"), ((4, 5), "-"), ((3, 4), 1), ((5, 2), 1), ((6, 1), 1))
(((1, 2), 0), ((6, 5), 0), ((2, 5), "-"), ((7, 8), 0), ((6, 7), "-"), ((5, 6), "+"), ((6, 7), 1), ((3, 4), 0), ((2, 3), "-"), ((4, 5), "-"), ((4, 5), "-"), ((3, 4), "+"), ((5, 8), "+"), ((4, 5), "-"), ((5, 8), 1), ((1, 2), "+"), ((3, 2), 1), ((4, 1), 1))
(((1, 2), 0), ((5, 6), 0), ((2, 5), "-"), ((3, 4), 0), ((2, 3), "-"), ((4, 5), "-"), ((3, 4), "+"), ((3, 4), "+"), ((3, 4), "+"), ((1, 2), "+"), ((1, 2), "+"), ((3, 2), 1), ((1, 4), "+"), ((1, 4), "+"), ((5, 4), 1), ((6, 1), 1))
(((1, 2), 0), ((3, 6), 0), ((2, 3), "-"), ((4, 5), 0), ((3, 4), "+"), ((4, 5), "-"), ((2, 3), "-"), ((1, 2), "+"), ((5, 6), "+"), ((5, 6), "+"), ((4, 5), "-"), ((4, 5), "-"), ((4, 3), 1), ((1, 2), "+"), ((5, 2), 1), ((6, 1), 1))
(((1, 2), 0), ((4, 3), 0), ((2, 3), "-"), ((1, 2), "+"), ((7, 8), 0), ((4, 7), "-"), ((4, 7), "-"), ((6, 5), 0), ((4, 5), "-"), ((6, 7), "-"), ((7, 8), "+"), ((4, 5), "-"), ((3, 4), 1), ((6, 7), "-"), ((6, 7), "-"), ((5, 6), 1), ((7, 2), 1), ((1, 8), 1))
(((1, 2), 0), ((3, 6), 0), ((2, 3), "-"), ((5, 4), 0), ((3, 4), "+"), ((4, 5), "-"), ((5, 6), "+"), ((5, 6), "+"), ((2, 3), "-"), ((1, 2), "+"), ((1, 2), "+"), ((3, 4), "+"), ((2, 3), "-"), ((3, 4), 1), ((5, 2), 1), ((6, 1), 1))
(((1, 2), 0), ((5, 6), 0), ((2, 5), "-"), ((3, 4), 0), ((2, 3), "-"), ((2, 3), "-"), ((2, 3), "-"), ((1, 2), "+"), ((2, 3), "-"), ((4, 5), "-"), ((3, 4), "+"), ((4, 5), "-"), ((6, 5), 1), ((1, 2), "+"), ((3, 2), 1), ((4, 1), 1))
(((1, 4), 0), ((5, 8), 0), ((4, 5), "-"), ((2, 3), 0), ((1, 2), "+"), ((1, 2), "+"), ((7, 6), 0), ((5, 6), "+"), ((4, 5), "-"), ((5, 6), "+"), ((3, 4), "+"), ((4, 5), "-"), ((2, 3), "-"), ((4, 3), 1), ((2, 5), "-"), ((5, 6), 1), ((2, 7), 1), ((8, 1), 1))
(((1, 2), 0), ((5, 6), 0), ((2, 5), "-"), ((3, 4), 0), ((2, 3), "-"), ((3, 4), "+"), ((3, 4), "+"), ((1, 2), "+"), ((2, 3), "-"), ((4, 5), "-"), ((3, 4), "+"), ((4, 5), "-"), ((6, 5), 1), ((1, 2), "+"), ((3, 2), 1), ((4, 1), 1))
(((1, 4), 0), ((5, 6), 0), ((4, 5), "-"), ((2, 3), 0), ((1, 2), "+"), ((3, 4), "+"), ((4, 5), "-"), ((3, 4), "+"), ((2, 3), "-"), ((2, 3), "-"), ((3, 4), "+"), ((4, 5), "-"), ((4, 3), 1), ((1, 2), "+"), ((5, 2), 1), ((6, 1), 1))
(((1, 2), 0), ((3, 6), 0), ((2, 3), "-"), ((4, 5), 0), ((3, 4), "+"), ((4, 5), "-"), ((2, 3), "-"), ((2, 3), "-"), ((1, 2), "+"), ((5, 6), "+"), ((4, 5), "-"), ((5, 6), "+"), ((4, 5), "-"), ((4, 3), 1), ((5, 2), 1), ((6, 1), 1))
(((1, 2), 0), ((4, 3), 0), ((2, 3), "-"), ((5, 6), 0), ((4, 5), "-"), ((3, 4), "+"), ((2, 3), "-"), ((1, 2), "+"), ((2, 3), "-"), ((2, 3), "-"), ((3, 4), "+"), ((4, 5), "-"), ((3, 4), 1), ((1, 2), "+"), ((5, 2), 1), ((6, 1), 1))
(((1, 4), 0), ((7, 8), 0), ((4, 7), "-"), ((2, 3), 0), ((1, 2), "+"), ((5, 6), 0), ((4, 5), "-"), ((3, 4), "+"), ((4, 5), 1), ((6, 7), "-"), ((7, 8), "+"), ((6, 7), "-"), ((7, 8), "+"), ((7, 8), "+"), ((6, 7), "-"), ((6, 3), 1), ((7, 2), 1), ((8, 1), 1))
(((1, 2), 0), ((6, 5), 0), ((2, 5), "-"), ((4, 3), 0), ((2, 3), "-"), ((4, 5), "-"), ((3, 4), "+"), ((4, 5), "-"), ((4, 5), "-"), ((5, 6), "+"), ((4, 5), "-"), ((3, 4), 1), ((2, 5), "-"), ((2, 5), "-"), ((2, 1), 1), ((5, 6), 1))
(((1, 4), 0), ((6, 5), 0), ((4, 5), "-"), ((7, 8), 0), ((6, 7), "-"), ((5, 6), "+"), ((3, 2), 0), ((1, 2), "+"), ((3, 4), "+"), ((4, 5), "-"), ((5, 6), "+"), ((5, 6), "+"), ((6, 7), 1), ((3, 4), "+"), ((4, 5), 1), ((1, 2), "+"), ((2, 3), 1), ((8, 1), 1))
(((1, 2), 0), ((4, 3), 0), ((2, 3), "-"), ((1, 2), "+"), ((5, 8), 0), ((4, 5), "-"), ((6, 7), 0), ((5, 6), "+"), ((4, 5), "-"), ((5, 6), "+"), ((6, 7), "-"), ((7, 8), "+"), ((6, 7), "-"), ((3, 4), "+"), ((4, 5), 1), ((6, 3), 1), ((7, 2), 1), ((1, 8), 1))
(((1, 2), 0), ((6, 5), 0), ((2, 5), "-"), ((3, 4), 0), ((2, 3), "-"), ((4, 5), "-"), ((1, 2), "+"), ((2, 3), "-"), ((2, 3), "-"), ((3, 4), "+"), ((2, 3), "-"), ((1, 2), "+"), ((4, 5), "-"), ((4, 3), 1), ((5, 2), 1), ((1, 6), 1))
(((1, 2), 0), ((3, 4), 0), ((2, 3), "-"), ((6, 5), 0), ((4, 5), "-"), ((3, 4), "+"), ((4, 5), "-"), ((3, 4), "+"), ((4, 5), "-"), ((3, 4), "+"), ((2, 3), "-"), ((1, 2), "+"), ((4, 5), "-"), ((4, 3), 1), ((5, 2), 1), ((1, 6), 1))
(((1, 6), 0), ((7, 8), 0), ((6, 7), "-"), ((2, 3), 0), ((1, 2), "+"), ((1, 2), "+"), ((4, 5), 0), ((3, 4), "-"), ((2, 3), "+"), ((2, 3), "+"), ((4, 5), "+"), ((4, 5), "+"), ((4, 5), "+"), ((5, 6), "-"), ((4, 5), 1), ((6, 3), 1), ((7, 2), 1), ((8, 1), 1))
(((1, 2), 0), ((6, 5), 0), ((2, 5), "-"), ((7, 8), 0), ((6, 7), "-"), ((5, 6), "+"), ((6, 7), 1), ((4, 3), 0), ((2, 3), "-"), ((1, 2), "-"), ((3, 4), "+"), ((4, 5), 1), ((2, 3), "+"), ((2, 3), "+"), ((2, 3), "+"), ((1, 2), "-"), ((2, 3), 1), ((8, 1), 1))
(((1, 4), 0), ((5, 8), 0), ((4, 5), "-"), ((2, 3), 0), ((1, 2), "+"), ((1, 2), "+"), ((7, 6), 0), ((5, 6), "-"), ((4, 5), "+"), ((3, 4), "-"), ((3, 4), "-"), ((3, 4), "-"), ((3, 4), "-"), ((4, 5), 1), ((3, 6), "-"), ((3, 2), 1), ((6, 7), 1), ((8, 1), 1))
(((1, 2), 0), ((6, 5), 0), ((2, 5), "-"), ((7, 8), 0), ((6, 7), "-"), ((5, 6), "+"), ((6, 7), 1), ((4, 3), 0), ((2, 3), "+"), ((1, 2), "+"), ((3, 4), "-"), ((4, 5), 1), ((2, 3), "-"), ((2, 3), "-"), ((2, 3), "-"), ((1, 2), "+"), ((2, 3), 1), ((8, 1), 1))
(((1, 8), 0), ((9, 10), 0), ((8, 9), "-"), ((2, 3), 0), ((1, 2), "+"), ((1, 2), "+"), ((6, 7), 0), ((3, 6), "-"), ((2, 3), "+"), ((2, 3), "+"), ((5, 4), 0), ((3, 4), "-"), ((5, 6), "-"), ((5, 6), "-"), ((4, 5), "+"), ((6, 5), 1), ((7, 4), 1), ((3, 8), 1), ((9, 2), 1), ((10, 1), 1))
(((1, 4), 0), ((8, 7), 0), ((4, 7), "-"), ((9, 10), 0), ((8, 9), "-"), ((7, 8), "+"), ((8, 9), 1), ((6, 5), 0), ((4, 5), "-"), ((1, 4), "-"), ((5, 6), "+"), ((6, 7), 1), ((2, 3), 0), ((1, 2), "-"), ((3, 4), "-"), ((3, 4), "-"), ((3, 4), "-"), ((2, 3), 1), ((4, 5), 1), ((10, 1), 1))
(((1, 4), 0), ((5, 8), 0), ((4, 5), "-"), ((2, 3), 0), ((1, 2), "+"), ((1, 2), "+"), ((7, 6), 0), ((5, 6), "-"), ((4, 5), "+"), ((3, 4), "-"), ((4, 5), "+"), ((4, 5), "+"), ((3, 4), "-"), ((4, 5), 1), ((3, 6), "-"), ((3, 2), 1), ((6, 7), 1), ((8, 1), 1))
(((1, 4), 0), ((8, 7), 0), ((4, 7), "-"), ((9, 10), 0), ((8, 9), "-"), ((7, 8), "+"), ((8, 9), 1), ((6, 5), 0), ((4, 5), "+"), ((1, 4), "+"), ((5, 6), "-"), ((6, 7), 1), ((2, 3), 0), ((1, 2), "+"), ((3, 4), "+"), ((3, 4), "+"), ((2, 3), "-"), ((3, 4), 1), ((2, 5), 1), ((10, 1), 1))
(((1, 4), 0), ((5, 8), 0), ((4, 5), "-"), ((2, 3), 0), ((1, 2), "+"), ((1, 2), "+"), ((7, 6), 0), ((5, 6), "-"), ((4, 5), "+"), ((4, 5), "+"), ((4, 5), "+"), ((3, 4), "-"), ((3, 4), "-"), ((4, 5), 1), ((3, 6), "-"), ((3, 2), 1), ((6, 7), 1), ((8, 1), 1))
(((1, 2), 0), ((6, 5), 0), ((2, 5), "-"), ((7, 8), 0), ((6, 7), "-"), ((5, 6), "+"), ((6, 7), 1), ((9, 10), 0), ((8, 9), "+"), ((5, 8), "+"), ((2, 5), "-"), ((5, 8), 1), ((4, 3), 0), ((2, 3), "+"), ((3, 4), "-"), ((9, 4), 1), ((2, 3), "+"), ((3, 10), "-"), ((3, 2), 1), ((10, 1), 1))
(((1, 6), 0), ((7, 8), 0), ((6, 7), "-"), ((2, 3), 0), ((1, 2), "+"), ((1, 2), "+"), ((4, 5), 0), ((3, 4), "-"), ((2, 3), "+"), ((2, 3), "+"), ((5, 6), "-"), ((5, 6), "-"), ((4, 5), "+"), ((5, 6), "-"), ((4, 5), 1), ((6, 3), 1), ((7, 2), 1), ((8, 1), 1))
(((1, 2), 0), ((6, 5), 0), ((2, 5), "-"), ((7, 8), 0), ((6, 7), "-"), ((5, 6), "+"), ((6, 7), 1), ((9, 10), 0), ((8, 9), "-"), ((5, 8), "-"), ((2, 5), "+"), ((5, 8), 1), ((4, 3), 0), ((2, 3), "-"), ((3, 4), "+"), ((9, 4), 1), ((2, 3), "-"), ((1, 2), "+"), ((3, 2), 1), ((10, 1), 1))
(((1, 2), 0), ((10, 9), 0), ((2, 9), "-"), ((6, 5), 0), ((2, 5), "-"), ((6, 9), "-"), ((6, 9), "-"), ((9, 10), 1), ((7, 8), 0), ((6, 7), "+"), ((5, 6), "-"), ((6, 7), 1), ((4, 3), 0), ((2, 3), "+"), ((3, 4), "-"), ((4, 5), 1), ((2, 3), "+"), ((3, 8), "-"), ((3, 2), 1), ((8, 1), 1))
(((1, 2), 0), ((8, 7), 0), ((2, 7), "-"), ((6, 5), 0), ((2, 5), "-"), ((6, 7), "-"), ((6, 7), "-"), ((7, 8), 1), ((4, 3), 0), ((2, 3), "+"), ((4, 5), "+"), ((4, 5), "+"), ((5, 6), 1), ((1, 2), "-"), ((2, 3), "+"), ((1, 2), "-"), ((2, 3), 1), ((1, 4), 1))
(((1, 2), 0), ((3, 8), 0), ((2, 3), "-"), ((7, 6), 0), ((3, 6), "+"), ((7, 8), "+"), ((7, 8), "+"), ((5, 4), 0), ((3, 4), "+"), ((5, 6), "-"), ((5, 6), "-"), ((6, 7), 1), ((2, 3), "-"), ((3, 4), "+"), ((2, 3), "-"), ((3, 4), 1), ((2, 5), 1), ((8, 1), 1))
(((1, 6), 0), ((7, 8), 0), ((6, 7), "-"), ((2, 3), 0), ((1, 2), "+"), ((1, 2), "+"), ((4, 5), 0), ((3, 4), "-"), ((2, 3), "+"), ((2, 3), "+"), ((2, 3), "+"), ((2, 3), "+"), ((4, 5), "+"), ((5, 6), "-"), ((4, 5), 1), ((6, 3), 1), ((7, 2), 1), ((8, 1), 1))
(((1, 2), 0), ((6, 5), 0), ((2, 5), "-"), ((7, 8), 0), ((6, 7), "-"), ((5, 6), "+"), ((6, 7), 1), ((9, 10), 0), ((8, 9), "-"), ((9, 10), "+"), ((9, 10), "+"), ((3, 4), 0), ((2, 3), "+"), ((4, 5), "+"), ((4, 5), "+"), ((3, 4), "-"), ((4, 5), 1), ((3, 8), 1), ((9, 2), 1), ((10, 1), 1))
(((1, 2), 0), ((6, 5), 0), ((2, 5), "-"), ((7, 8), 0), ((6, 7), "-"), ((5, 6), "+"), ((6, 7), 1), ((4, 3), 0), ((2, 3), "+"), ((2, 3), "+"), ((2, 3), "+"), ((1, 2), "+"), ((3, 4), "-"), ((4, 5), 1), ((2, 3), "-"), ((1, 2), "+"), ((2, 3), 1), ((8, 1), 1))
(((1, 6), 0), ((7, 8), 0), ((6, 7), "-"), ((2, 3), 0), ((1, 2), "+"), ((1, 2), "+"), ((4, 5), 0), ((3, 4), "-"), ((4, 5), "+"), ((5, 6), "-"), ((4, 5), 1), ((6, 7), "+"), ((3, 6), "-"), ((3, 6), "-"), ((2, 3), "+"), ((6, 3), 1), ((7, 2), 1), ((8, 1), 1))
(((1, 4), 0), ((5, 8), 0), ((4, 5), "-"), ((2, 3), 0), ((1, 2), "+"), ((1, 2), "+"), ((7, 6), 0), ((5, 6), "-"), ((5, 6), "-"), ((5, 6), "-"), ((4, 5), "+"), ((3, 4), "-"), ((3, 4), "-"), ((4, 5), 1), ((3, 6), "-"), ((3, 2), 1), ((6, 7), 1), ((8, 1), 1))
(((1, 2), 0), ((6, 5), 0), ((2, 5), "-"), ((7, 8), 0), ((6, 7), "-"), ((5, 6), "+"), ((6, 7), 1), ((9, 10), 0), ((8, 9), "+"), ((9, 10), "-"), ((9, 10), "-"), ((3, 4), 0), ((2, 3), "-"), ((4, 5), "-"), ((4, 5), "-"), ((4, 5), "-"), ((3, 4), 1), ((5, 8), 1), ((9, 2), 1), ((10, 1), 1))
(((1, 2), 0), ((3, 6), 0), ((2, 3), "-"), ((5, 4), 0), ((3, 4), "-"), ((2, 3), "+"), ((2, 3), "+"), ((3, 4), "-"), ((4, 5), "+"), ((4, 5), "+"), ((5, 6), "+"), ((5, 6), "+"), ((3, 4), "-"), ((3, 2), 1), ((4, 5), 1), ((6, 1), 1))
(((1, 6), 0), ((7, 10), 0), ((6, 7), "-"), ((9, 8), 0), ((7, 8), "-"), ((3, 2), 0), ((1, 2), "+"), ((1, 2), "+"), ((4, 5), 0), ((3, 4), "-"), ((5, 6), "-"), ((5, 6), "-"), ((7, 6), 1), ((5, 8), "-"), ((5, 4), 1), ((3, 8), "-"), ((3, 8), "-"), ((2, 3), 1), ((8, 9), 1), ((10, 1), 1))
(((1, 4), 0), ((5, 8), 0), ((4, 5), "-"), ((2, 3), 0), ((1, 2), "+"), ((1, 2), "+"), ((7, 6), 0), ((5, 6), "-"), ((4, 5), "+"), ((5, 6), "-"), ((3, 4), "+"), ((4, 5), "-"), ((2, 3), "-"), ((4, 3), 1), ((2, 5), "-"), ((5, 6), 1), ((2, 7), 1), ((8, 1), 1))
(((1, 4), 0), ((5, 10), 0), ((4, 5), "-"), ((2, 3), 0), ((1, 2), "+"), ((1, 2), "+"), ((9, 8), 0), ((5, 8), "-"), ((8, 9), "+"), ((7, 6), 0), ((5, 6), "-"), ((7, 8), "-"), ((7, 8), "-"), ((5, 6), "-"), ((5, 6), "-"), ((5, 4), 1), ((6, 7), 1), ((3, 8), 1), ((9, 2), 1), ((10, 1), 1))
(((1, 2), 0), ((8, 7), 0), ((2, 7), "-"), ((9, 10), 0), ((8, 9), "-"), ((7, 8), "+"), ((8, 9), 1), ((6, 5), 0), ((2, 5), "+"), ((5, 6), "-"), ((6, 7), 1), ((4, 3), 0), ((2, 3), "-"), ((4, 5), "-"), ((4, 5), "-"), ((10, 5), 1), ((2, 3), "-"), ((2, 3), "-"), ((2, 1), 1), ((3, 4), 1))
(((1, 6), 0), ((7, 10), 0), ((6, 7), "-"), ((2, 3), 0), ((1, 2), "+"), ((1, 2), "+"), ((9, 8), 0), ((7, 8), "-"), ((8, 9), "+"), ((4, 5), 0), ((3, 4), "-"), ((5, 6), "-"), ((6, 7), "+"), ((5, 6), "-"), ((7, 6), 1), ((5, 8), "-"), ((4, 5), 1), ((8, 3), 1), ((9, 2), 1), ((10, 1), 1))
(((1, 4), 0), ((8, 7), 0), ((4, 7), "-"), ((9, 10), 0), ((8, 9), "-"), ((7, 8), "+"), ((8, 9), 1), ((6, 5), 0), ((4, 5), "+"), ((5, 6), "-"), ((6, 7), 1), ((11, 12), 0), ((10, 11), "-"), ((5, 10), "+"), ((11, 10), 1), ((2, 3), 0), ((1, 2), "+"), ((3, 4), "+"), ((4, 5), "-"), ((3, 4), 1), ((5, 2), 1), ((12, 1), 1))
(((1, 2), 0), ((4, 3), 0), ((2, 3), "-"), ((2, 3), "-"), ((2, 3), "-"), ((5, 6), 0), ((4, 5), "-"), ((3, 4), "+"), ((4, 5), 1), ((7, 8), 0), ((6, 7), "+"), ((3, 6), "-"), ((2, 3), "+"), ((3, 6), 1), ((1, 2), "-"), ((7, 8), "-"), ((7, 2), 1), ((8, 1), 1))
(((1, 4), 0), ((5, 10), 0), ((4, 5), "-"), ((2, 3), 0), ((1, 2), "+"), ((1, 2), "+"), ((9, 8), 0), ((5, 8), "+"), ((8, 9), "-"), ((7, 6), 0), ((5, 6), "-"), ((7, 8), "-"), ((7, 8), "-"), ((5, 6), "-"), ((5, 6), "-"), ((5, 4), 1), ((6, 7), 1), ((3, 8), 1), ((9, 2), 1), ((10, 1), 1))
(((1, 6), 0), ((7, 10), 0), ((6, 7), "-"), ((2, 3), 0), ((1, 2), "+"), ((1, 2), "+"), ((9, 8), 0), ((7, 8), "+"), ((8, 9), "-"), ((4, 5), 0), ((3, 4), "-"), ((5, 6), "-"), ((6, 7), "+"), ((5, 6), "-"), ((7, 6), 1), ((5, 8), "-"), ((4, 5), 1), ((8, 3), 1), ((9, 2), 1), ((10, 1), 1))
(((1, 2), 0), ((6, 5), 0), ((2, 5), "-"), ((4, 3), 0), ((2, 3), "-"), ((4, 5), "-"), ((5, 6), "+"), ((2, 3), "-"), ((2, 3), "-"), ((3, 4), "+"), ((4, 5), "-"), ((3, 4), 1), ((2, 5), "+"), ((5, 6), "-"), ((2, 5), 1), ((6, 1), 1))
(((1, 4), 0), ((5, 8), 0), ((4, 5), "-"), ((2, 3), 0), ((1, 2), "+"), ((1, 2), "+"), ((6, 7), 0), ((5, 6), "+"), ((4, 5), "-"), ((5, 6), "+"), ((4, 5), "+"), ((3, 4), "-"), ((4, 5), 1), ((3, 6), "+"), ((6, 7), "-"), ((6, 3), 1), ((7, 2), 1), ((8, 1), 1))
(((1, 2), 0), ((6, 5), 0), ((2, 5), "-"), ((3, 4), 0), ((2, 3), "-"), ((3, 4), "+"), ((1, 2), "+"), ((1, 2), "+"), ((2, 3), "+"), ((4, 5), "+"), ((3, 4), "-"), ((5, 4), 1), ((2, 3), "+"), ((3, 6), "-"), ((2, 3), 1), ((6, 1), 1))
(((1, 2), 0), ((3, 6), 0), ((2, 3), "-"), ((5, 4), 0), ((3, 4), "+"), ((4, 5), "-"), ((5, 6), "-"), ((5, 6), "-"), ((2, 3), "-"), ((1, 2), "-"), ((1, 2), "-"), ((3, 4), "-"), ((2, 3), "+"), ((3, 4), 1), ((5, 2), 1), ((6, 1), 1))
(((1, 4), 0), ((6, 5), 0), ((4, 5), "-"), ((2, 3), 0), ((1, 2), "-"), ((1, 2), "-"), ((1, 2), "-"), ((3, 4), "+"), ((4, 5), "-"), ((3, 4), "+"), ((2, 3), "-"), ((1, 2), "+"), ((4, 5), "-"), ((4, 3), 1), ((5, 2), 1), ((1, 6), 1))
(((1, 4), 0), ((5, 8), 0), ((4, 5), "-"), ((2, 3), 0), ((1, 2), "+"), ((1, 2), "+"), ((6, 7), 0), ((5, 6), "-"), ((4, 5), "+"), ((5, 6), "-"), ((4, 5), "+"), ((3, 4), "-"), ((4, 5), 1), ((3, 6), "-"), ((2, 3), "+"), ((6, 3), 1), ((7, 2), 1), ((8, 1), 1))
(((1, 2), 0), ((6, 5), 0), ((2, 5), "-"), ((7, 8), 0), ((6, 7), "-"), ((5, 6), "+"), ((6, 7), 1), ((3, 4), 0), ((2, 3), "+"), ((4, 5), "+"), ((4, 5), "+"), ((3, 4), "-"), ((5, 8), "+"), ((4, 5), "-"), ((5, 8), 1), ((3, 4), "-"), ((3, 2), 1), ((4, 1), 1))
(((1, 2), 0), ((3, 4), 0), ((2, 3), "-"), ((8, 7), 0), ((4, 7), "-"), ((5, 6), 0), ((4, 5), "-"), ((6, 7), "-"), ((6, 7), "-"), ((7, 8), "+"), ((4, 5), "-"), ((4, 5), "-"), ((3, 4), 1), ((5, 6), "-"), ((5, 6), "-"), ((5, 2), 1), ((6, 7), 1), ((8, 1), 1))
(((1, 2), 0), ((5, 6), 0), ((2, 5), "-"), ((3, 4), 0), ((2, 3), "+"), ((3, 4), "-"), ((3, 4), "-"), ((1, 2), "+"), ((2, 3), "-"), ((4, 5), "-"), ((3, 4), "+"), ((4, 5), "-"), ((6, 5), 1), ((1, 2), "+"), ((3, 2), 1), ((4, 1), 1))
(((1, 2), 0), ((3, 6), 0), ((2, 3), "-"), ((4, 5), 0), ((3, 4), "+"), ((5, 6), "-"), ((2, 3), "-"), ((1, 2), "-"), ((3, 4), "-"), ((3, 4), "-"), ((4, 5), "+"), ((2, 3), "+"), ((4, 3), 1), ((5, 6), "-"), ((5, 2), 1), ((6, 1), 1))
(((1, 2), 0), ((6, 5), 0), ((2, 5), "-"), ((4, 3), 0), ((2, 3), "-"), ((4, 5), "-"), ((3, 4), "+"), ((4, 5), "-"), ((4, 5), "-"), ((5, 6), "+"), ((4, 5), "-"), ((3, 4), 1), ((2, 5), "+"), ((5, 6), "-"), ((2, 5), 1), ((6, 1), 1))
